Input:
10 0 1 0 2 0 3 0 4 5 6 5 7 5 8 5 9 -1

Output:
Number of nodes: 10
Edge 0: 0 1
Edge 1: 0 2
Edge 2: 0 3
Edge 3: 0 4
Edge 4: 5 6
Edge 5: 5 7
Edge 6: 5 8
Edge 7: 5 9

Adjacency Matrix:
 0  1  1  1  1  0  0  0  0  0 
 1  0  0  0  0  0  0  0  0  0 
 1  0  0  0  0  0  0  0  0  0 
 1  0  0  0  0  0  0  0  0  0 
 1  0  0  0  0  0  0  0  0  0 
 0  0  0  0  0  0  1  1  1  1 
 0  0  0  0  0  1  0  0  0  0 
 0  0  0  0  0  1  0  0  0  0 
 0  0  0  0  0  1  0  0  0  0 
 0  0  0  0  0  1  0  0  0  0 

Distance Matrix:
 0  1  1  1  1 -1 -1 -1 -1 -1 
 1  0  2  2  2 -1 -1 -1 -1 -1 
 1  2  0  2  2 -1 -1 -1 -1 -1 
 1  2  2  0  2 -1 -1 -1 -1 -1 
 1  2  2  2  0 -1 -1 -1 -1 -1 
-1 -1 -1 -1 -1  0  1  1  1  1 
-1 -1 -1 -1 -1  1  0  2  2  2 
-1 -1 -1 -1 -1  1  2  0  2  2 
-1 -1 -1 -1 -1  1  2  2  0  2 
-1 -1 -1 -1 -1  1  2  2  2  0 

Graph Diameter: -1

ConnectedComponentMatrix:
0 1 2 3 4 
5 6 7 8 9 
